[[814, 204, 869, 247],
[207, 968, 262, 1002],
[745, 375, 809, 408],
[649, 736, 704, 784],
[89, 1581, 138, 1624],
[459, 1296, 503, 1333],
[571, 365, 619, 417],
[517, 1251, 569, 1292],
[510, 746, 561, 784],
[919, 766, 1006, 866],
[338, 1490, 387, 1546],
[365, 1278, 415, 1314],
[439, 929, 488, 963],
[631, 928, 700, 1018],
[929, 136, 979, 194],
[307, 1687, 355, 1758],
[1181, 298, 1224, 337],
[797, 1515, 843, 1567],
[341, 1613, 384, 1663],
[1045, 689, 1092, 740],
[949, 1242, 990, 1269],
[926, 1784, 978, 1828],
[483, 809, 531, 875],
[668, 1363, 706, 1397],
[1152, 1327, 1197, 1388],
[1089, 453, 1186, 587],
[1168, 668, 1238, 764],
[1063, 857, 1119, 915],
[837, 980, 881, 1032],
[952, 1042, 982, 1090],
[365, 909, 417, 945],
[846, 1303, 890, 1350],
[736, 1819, 784, 1925],
[887, 1726, 978, 1835],
[901, 912, 945, 984]]
